0.0668571
0.0368571
0.0271429
0.0251429
0.0254286
0.028
0.03
0.0174286

0.12086
0.0604498
0.042238
0.0389696
0.0396009
0.0446459
0.0494497
0.0303951

0.165794
0.0750917
0.04965
0.0457654
0.0467659
0.0541013
0.0620702
0.0404295

0.20418
0.0836294
0.0522114
0.0482786
0.0496423
0.0590423
0.0702683
0.0485268

0.237714
0.0879515
0.0517594
0.0482634
0.0499613
0.0611837
0.0755997
0.0553349

0.267546
0.0893204
0.0494847
0.0468319
0.0488167
0.0616198
0.0790695
0.0612761

0.294473
0.0885871
0.0461575
0.0446821
0.0468929
0.0610448
0.0813262
0.0666265

0.319051
0.0863324
0.0422746
0.0422455
0.0446117
0.0598959
0.0827886
0.0715668

0.341682
0.0829577
0.0381548
0.0397827
0.042227
0.0584454
0.0837266
0.076216

0.362661
0.0787452
0.0340011
0.0374453
0.0398867
0.0568605
0.0843142
0.0806529

0.38221
0.0738972
0.0299411
0.0353159
0.0376714
0.0552413
0.0846637
0.0849299

0.400501
0.0685613
0.0260531
0.0334338
0.0356206
0.053646
0.0848479
0.0890823

0.417674
0.0628482
0.0223836
0.0318114
0.0337482
0.0521062
0.0849139
0.0931341

0.433839
0.0568421
0.018958
0.0304453
0.0320533
0.0506378
0.0848927
0.0971022

0.449092
0.0506089
0.0157885
0.0293226
0.0305264
0.0492465
0.0848046
0.100998

0.463513
0.044201
0.0128783
0.0284255
0.0291539
0.0479326
0.0846635
0.104831

0.477171
0.0376609
0.0102251
0.0277338
0.0279202
0.0466934
0.084479
0.108607

0.490128
0.0310234
0.0078229
0.0272267
0.0268092
0.0455242
0.0842579
0.112331

0.502436
0.0243176
0.0056637
0.0268838
0.0258057
0.0444203
0.0840053
0.116006

0.514145
0.0175676
0.0037381
0.0266854
0.0248954
0.0433763
0.0837253
0.119637

0.525298
0.0107941
0.00203598
0.0266133
0.0240651
0.0423876
0.0834212
0.123226

0.535935
0.00401446
0.00054693
0.0266506
0.023303
0.0414496
0.0830957
0.126775

0.546089
-0.00275639
-0.000739527
0.0267817
0.0225988
0.0405583
0.0827513
0.130286

0.555795
-0.00950583
-0.00183375
0.0269925
0.0219432
0.0397102
0.0823901
0.133761

0.565081
-0.016223
-0.00274588
0.0272702
0.0213283
0.0389023
0.0820142
0.137202

0.573975
-0.0228989
-0.00348576
0.0276032
0.0207469
0.0381317
0.0816253
0.14061

0.582501
-0.0295254
-0.00406286
0.0279811
0.0201932
0.0373962
0.081225
0.143987

0.590681
-0.0360962
-0.00448632
0.0283946
0.0196619
0.0366939
0.080815
0.147333

0.598537
-0.0426055
-0.00476487
0.0288354
0.0191486
0.0360228
0.0803966
0.15065

0.606089
-0.0490487
-0.00490686
0.029296
0.0186496
0.0353815
0.079971
0.153939

0.613352
-0.055422
-0.00492025
0.0297699
0.0181617
0.0347687
0.0795394
0.157201

0.620345
-0.0617221
-0.00481261
0.0302511
0.0176822
0.0341832
0.0791028
0.160437

0.627081
-0.0679464
-0.00459117
0.0307344
0.017209
0.033624
0.0786622
0.163647

0.633576
-0.074093
-0.00426275
0.0312152
0.0167402
0.0330902
0.0782183
0.166833

0.639842
-0.0801602
-0.00383385
0.0316895
0.0162744
0.0325808
0.077772
0.169995

0.64589
-0.0861468
-0.00331062
0.0321538
0.0158104
0.0320953
0.0773238
0.173134

0.651733
-0.092052
-0.00269891
0.0326049
0.0153474
0.0316329
0.0768743
0.176251

0.657381
-0.0978753
-0.00200424
0.0330402
0.0148845
0.0311929
0.0764241
0.179346

0.662843
-0.103616
-0.00123182
0.0334573
0.0144213
0.0307747
0.0759735
0.182419

0.668128
-0.109275
-0.000386617
0.0338543
0.0139574
0.0303778
0.075523
0.185472

0.673246
-0.114852
0.0005267
0.0342295
0.0134927
0.0300016
0.0750727
0.188505

0.678203
-0.120346
0.00150371
0.0345814
0.013027
0.0296456
0.074623
0.191518

0.683007
-0.12576
0.00254022
0.0349088
0.0125603
0.0293093
0.0741741
0.194511

0.687666
-0.131093
0.00363229
0.0352108
0.0120928
0.0289921
0.0737261
0.197486

0.692185
-0.136345
0.00477618
0.0354867
0.0116245
0.0286935
0.0732792
0.200443

0.696571
-0.141519
0.00596836
0.0357357
0.0111557
0.0284132
0.0728335
0.203381

0.700829
-0.146614
0.0072055
0.0359575
0.0106866
0.0281505
0.0723889
0.206302

0.704966
-0.151632
0.00848445
0.0361517
0.0102176
0.027905
0.0719457
0.209205

0.708985
-0.156573
0.00980225
0.0363181
0.00974883
0.0276762
0.0715038
0.212092

0.712892
-0.161439
0.0111561
0.0364566
0.00928076
0.0274637
0.0710632
0.214962

0.716692
-0.166231
0.0125433
0.0365673
0.00881368
0.027267
0.0706238
0.217815

0.720388
-0.17095
0.0139613
0.0366503
0.00834795
0.0270856
0.0701858
0.220653

0.723985
-0.175596
0.0154079
0.0367056
0.00788393
0.026919
0.069749
0.223474

0.727486
-0.180172
0.0168807
0.0367336
0.00742198
0.0267668
0.0693134
0.22628

0.730896
-0.184678
0.0183778
0.0367345
0.00696246
0.0266286
0.0688789
0.229071

0.734217
-0.189115
0.0198969
0.0367086
0.0065057
0.0265038
0.0684456
0.231847

0.737453
-0.193485
0.0214364
0.0366564
0.00605207
0.026392
0.0680133
0.234608

0.740607
-0.197789
0.0229943
0.0365783
0.00560188
0.0262929
0.067582
0.237355

0.743682
-0.202027
0.0245691
0.0364747
0.00515547
0.0262058
0.0671516
0.240087

0.746681
-0.206202
0.0261592
0.036346
0.00471314
0.0261305
0.0667221
0.242805

0.749606
-0.210313
0.0277629
0.0361929
0.00427519
0.0260665
0.0662934
0.245509

0.75246
-0.214363
0.0293791
0.0360157
0.00384191
0.0260133
0.0658655
0.248199

0.755246
-0.218353
0.0310062
0.0358151
0.00341356
0.0259705
0.0654383
0.250876

0.757965
-0.222283
0.032643
0.0355916
0.00299041
0.0259377
0.0650117
0.25354

0.76062
-0.226154
0.0342884
0.0353457
0.00257269
0.0259146
0.0645858
0.25619

0.763213
-0.229968
0.0359412
0.035078
0.00216063
0.0259007
0.0641605
0.258827

0.765747
-0.233726
0.0376004
0.034789
0.00175444
0.0258957
0.0637356
0.261452

0.768222
-0.237429
0.0392649
0.0344794
0.00135433
0.025899
0.0633113
0.264064

0.770641
-0.241077
0.0409338
0.0341497
0.000960465
0.0259105
0.0628874
0.266663

0.773005
-0.244672
0.0426062
0.0338004
0.000573024
0.0259297
0.062464
0.26925

0.775317
-0.248215
0.0442814
0.0334321
0.000192161
0.0259562
0.062041
0.271824

0.777578
-0.251707
0.0459583
0.0330455
-0.000181983
0.0259897
0.0616184
0.274387

0.779789
-0.255149
0.0476365
0.0326409
-0.000549278
0.0260299
0.0611961
0.276937

0.781952
-0.258541
0.049315
0.0322191
-0.000909608
0.0260764
0.0607743
0.279476

0.784068
-0.261885
0.0509933
0.0317805
-0.00126287
0.0261289
0.0603528
0.282003

0.78614
-0.265181
0.0526707
0.0313256
-0.00160897
0.0261871
0.0599316
0.284519

0.788167
-0.268431
0.0543466
0.0308551
-0.00194783
0.0262507
0.0595108
0.287023

0.790151
-0.271635
0.0560204
0.0303693
-0.00227937
0.0263193
0.0590904
0.289516

0.792095
-0.274794
0.0576918
0.0298689
-0.00260355
0.0263927
0.0586703
0.291998

0.793997
-0.277909
0.05936
0.0293543
-0.0029203
0.0264706
0.0582507
0.294468

0.795861
-0.280981
0.0610247
0.0288261
-0.00322959
0.0265527
0.0578314
0.296928

0.797687
-0.28401
0.0626855
0.0282846
-0.00353139
0.0266387
0.0574125
0.299377

0.799475
-0.286997
0.0643418
0.0277305
-0.00382568
0.0267284
0.0569941
0.301815

0.801228
-0.289944
0.0659934
0.0271641
-0.00411243
0.0268216
0.0565761
0.304242

0.802946
-0.29285
0.0676399
0.0265859
-0.00439165
0.0269179
0.0561586
0.306659

0.804629
-0.295717
0.0692808
0.0259963
-0.00466333
0.0270171
0.0557415
0.309065

0.80628
-0.298545
0.070916
0.0253958
-0.00492749
0.0271191
0.0553251
0.311461

0.807898
-0.301335
0.072545
0.0247848
-0.00518413
0.0272235
0.0549091
0.313847

0.809484
-0.304088
0.0741676
0.0241638
-0.00543328
0.0273303
0.0544938
0.316223

0.81104
-0.306804
0.0757836
0.0235331
-0.00567496
0.027439
0.0540791
0.318589

0.812567
-0.309484
0.0773926
0.0228931
-0.0059092
0.0275497
0.0536651
0.320944

0.814064
-0.312128
0.0789946
0.0222442
-0.00613605
0.0276619
0.0532517
0.32329

0.815532
-0.314738
0.0805891
0.0215868
-0.00635554
0.0277757
0.0528391
0.325626

0.816973
-0.317314
0.0821761
0.0209212
-0.00656771
0.0278907
0.0524273
0.327952

0.818387
-0.319856
0.0837553
0.0202479
-0.00677262
0.0280069
0.0520163
0.330269

0.819775
-0.322365
0.0853266
0.0195671
-0.00697033
0.028124
0.0516061
0.332576

0.821137
-0.324841
0.0868898
0.0188792
-0.00716088
0.0282418
0.0511968
0.334874

0.822474
-0.327286
0.0884447
0.0181845
-0.00734434
0.0283603
0.0507884
0.337162

0.823787
-0.3297
0.0899913
0.0174834
-0.00752077
0.0284793
0.050381
0.339441

0.825076
-0.332082
0.0915293
0.0167761
-0.00769024
0.0285986
0.0499747
0.341711

0.826341
-0.334435
0.0930587
0.016063
-0.00785282
0.028718
0.0495693
0.343971

0.827584
-0.336758
0.0945794
0.0153443
-0.00800857
0.0288375
0.0491651
0.346223

0.828804
-0.339052
0.0960912
0.0146204
-0.00815758
0.0289569
0.048762
0.348465

0.830003
-0.341316
0.097594
0.0138915
-0.00829992
0.0290762
0.04836
0.350699

0.831181
-0.343553
0.0990879
0.0131579
-0.00843565
0.029195
0.0479593
0.352923

0.832337
-0.345762
0.100573
0.0124198
-0.00856488
0.0293135
0.0475598
0.355139

0.833474
-0.347944
0.102048
0.0116775
-0.00868766
0.0294314
0.0471616
0.357346

0.834591
-0.350099
0.103514
0.0109313
-0.00880409
0.0295486
0.0467647
0.359544

0.835688
-0.352227
0.104972
0.0101814
-0.00891425
0.029665
0.0463692
0.361734

0.836767
-0.35433
0.106419
0.009428
-0.00901822
0.0297807
0.0459752
0.363915

0.837827
-0.356407
0.107858
0.00867136
-0.00911608
0.0298953
0.0455825
0.366088

0.838869
-0.358458
0.109286
0.00791171
-0.00920792
0.0300089
0.0451913
0.368252

0.839893
-0.360486
0.110706
0.00714924
-0.00929382
0.0301215
0.0448016
0.370408

0.8409
-0.362488
0.112116
0.00638417
-0.00937388
0.0302328
0.0444135
0.372555

0.84189
-0.364467
0.113516
0.0056167
-0.00944817
0.0303428
0.044027
0.374694

0.842863
-0.366423
0.114907
0.00484702
-0.00951679
0.0304515
0.043642
0.376825

0.843821
-0.368355
0.116289
0.00407533
-0.00957981
0.0305588
0.0432588
0.378948

0.844762
-0.370264
0.117661
0.0033018
-0.00963733
0.0306645
0.0428771
0.381063

0.845687
-0.372151
0.119023
0.00252661
-0.00968943
0.0307688
0.0424972
0.383169

0.846598
-0.374016
0.120376
0.00174995
-0.00973621
0.0308714
0.0421191
0.385268

0.847493
-0.375859
0.121719
0.000971959
-0.00977774
0.0309724
0.0417427
0.387359

0.848374
-0.377681
0.123053
0.000192818
-0.00981411
0.0310717
0.0413681
0.389441

0.849241
-0.379482
0.124377
-0.000587321
-0.00984541
0.0311692
0.0409953
0.391516

0.850093
-0.381262
0.125692
-0.00136831
-0.00987173
0.0312649
0.0406243
0.393583

0.850932
-0.383021
0.126997
-0.00214999
-0.00989314
0.0313588
0.0402552
0.395643

0.851757
-0.384761
0.128293
-0.00293223
-0.00990974
0.0314507
0.039888
0.397694

0.852569
-0.38648
0.129579
-0.0037149
-0.00992161
0.0315408
0.0395228
0.399738

0.853368
-0.38818
0.130856
-0.00449784
-0.00992882
0.0316288
0.0391594
0.401774

0.854154
-0.389861
0.132124
-0.00528095
-0.00993148
0.0317149
0.0387981
0.403803

0.854928
-0.391523
0.133382
-0.00606408
-0.00992965
0.0317989
0.0384387
0.405824

0.855689
-0.393166
0.13463
-0.00684713
-0.00992342
0.0318809
0.0380813
0.407838

0.856439
-0.394791
0.13587
-0.00762997
-0.00991287
0.0319608
0.0377259
0.409844

0.857177
-0.396398
0.1371
-0.00841249
-0.00989808
0.0320386
0.0373725
0.411843

0.857903
-0.397987
0.138321
-0.00919458
-0.00987913
0.0321142
0.0370212
0.413835

0.858618
-0.399559
0.139532
-0.00997614
-0.0098561
0.0321877
0.036672
0.415819

0.859322
-0.401113
0.140735
-0.0107571
-0.00982907
0.032259
0.0363248
0.417796

0.860015
-0.40265
0.141928
-0.0115372
-0.00979811
0.0323281
0.0359797
0.419765

0.860697
-0.40417
0.143113
-0.0123166
-0.00976331
0.032395
0.0356367
0.421728

0.861369
-0.405674
0.144288
-0.013095
-0.00972473
0.0324597
0.0352959
0.423683

0.86203
-0.407161
0.145454
-0.0138724
-0.00968245
0.0325222
0.0349571
0.425631

0.862681
-0.408633
0.146611
-0.0146488
-0.00963655
0.0325824
0.0346205
0.427573

0.863323
-0.410088
0.147759
-0.0154239
-0.0095871
0.0326404
0.0342861
0.429507

0.863954
-0.411528
0.148899
-0.0161978
-0.00953418
0.0326961
0.0339538
0.431434

0.864576
-0.412952
0.150029
-0.0169703
-0.00947784
0.0327496
0.0336237
0.433354

0.865189
-0.414361
0.151151
-0.0177414
-0.00941817
0.0328008
0.0332957
0.435267

0.865792
-0.415755
0.152264
-0.0185111
-0.00935523
0.0328497
0.0329699
0.437173

0.866386
-0.417135
0.153369
-0.0192792
-0.00928909
0.0328963
0.0326463
0.439073

0.866972
-0.418499
0.154464
-0.0200456
-0.00921983
0.0329407
0.0323249
0.440965

0.867548
-0.41985
0.155551
-0.0208104
-0.0091475
0.0329828
0.0320056
0.442851

0.868116
-0.421186
0.15663
-0.0215735
-0.00907217
0.0330227
0.0316886
0.44473

0.868676
-0.422508
0.1577
-0.0223347
-0.00899391
0.0330602
0.0313737
0.446602

0.869227
-0.423817
0.158762
-0.023094
-0.00891278
0.0330955
0.031061
0.448468

0.86977
-0.425112
0.159815
-0.0238515
-0.00882885
0.0331286
0.0307506
0.450327

0.870305
-0.426393
0.16086
-0.0246069
-0.00874218
0.0331594
0.0304423
0.452179

0.870832
-0.427661
0.161897
-0.0253604
-0.00865282
0.033188
0.0301362
0.454025

0.871351
-0.428916
0.162925
-0.0261118
-0.00856085
0.0332143
0.0298324
0.455864

0.871862
-0.430158
0.163946
-0.026861
-0.00846631
0.0332384
0.0295307
0.457697

0.872366
-0.431388
0.164958
-0.0276081
-0.00836928
0.0332602
0.0292312
0.459523

0.872863
-0.432605
0.165962
-0.028353
-0.0082698
0.0332799
0.0289339
0.461342

0.873353
-0.433809
0.166958
-0.0290956
-0.00816793
0.0332973
0.0286388
0.463156

0.873835
-0.435001
0.167946
-0.0298359
-0.00806374
0.0333126
0.0283458
0.464962

0.87431
-0.436182
0.168927
-0.0305739
-0.00795726
0.0333257
0.0280551
0.466763

0.874778
-0.43735
0.169899
-0.0313095
-0.00784857
0.0333366
0.0277665
0.468557

0.87524
-0.438506
0.170864
-0.0320428
-0.00773772
0.0333454
0.0274801
0.470345

0.875695
-0.439651
0.171821
-0.0327736
-0.00762475
0.033352
0.0271959
0.472126

0.876143
-0.440785
0.17277
-0.0335019
-0.00750972
0.0333565
0.0269138
0.473901

0.876585
-0.441907
0.173711
-0.0342277
-0.00739267
0.033359
0.0266339
0.47567

0.87702
-0.443018
0.174646
-0.034951
-0.00727367
0.0333593
0.0263561
0.477433

0.877449
-0.444118
0.175572
-0.0356718
-0.00715276
0.0333575
0.0260804
0.47919

0.877872
-0.445207
0.176491
-0.0363899
-0.00702999
0.0333537
0.0258069
0.48094

0.878289
-0.446285
0.177403
-0.0371055
-0.0069054
0.0333478
0.0255355
0.482684

0.8787
-0.447353
0.178307
-0.0378184
-0.00677905
0.03334
0.0252663
0.484423

0.879105
-0.44841
0.179204
-0.0385287
-0.00665098
0.0333301
0.0249991
0.486155

0.879504
-0.449457
0.180094
-0.0392363
-0.00652124
0.0333182
0.0247341
0.487881

0.879897
-0.450494
0.180977
-0.0399412
-0.00638986
0.0333043
0.0244711
0.489601

0.880285
-0.45152
0.181852
-0.0406434
-0.00625691
0.0332885
0.0242102
0.491315

0.880667
-0.452537
0.18272
-0.0413428
-0.00612241
0.0332707
0.0239514
0.493023

0.881044
-0.453544
0.183582
-0.0420395
-0.00598641
0.0332511
0.0236946
0.494725

0.881416
-0.454541
0.184436
-0.0427334
-0.00584896
0.0332295
0.0234399
0.496422

0.881782
-0.455528
0.185284
-0.0434245
-0.0057101
0.0332061
0.0231873
0.498112

0.882143
-0.456506
0.186124
-0.0441129
-0.00556985
0.0331808
0.0229366
0.499797

0.882499
-0.457474
0.186958
-0.0447984
-0.00542828
0.0331536
0.022688
0.501475

0.882849
-0.458434
0.187785
-0.0454811
-0.00528541
0.0331247
0.0224414
0.503148

0.883195
-0.459384
0.188605
-0.0461609
-0.00514129
0.0330939
0.0221968
0.504815

0.883536
-0.460325
0.189419
-0.0468379
-0.00499594
0.0330614
0.0219541
0.506477

0.883872
-0.461257
0.190226
-0.0475121
-0.00484942
0.0330271
0.0217135
0.508132

0.884203
-0.46218
0.191027
-0.0481833
-0.00470175
0.032991
0.0214748
0.509782

0.88453
-0.463095
0.191821
-0.0488517
-0.00455298
0.0329533
0.021238
0.511426

0.884852
-0.464001
0.192608
-0.0495172
-0.00440313
0.0329139
0.0210032
0.513065

0.88517
-0.464898
0.19339
-0.0501798
-0.00425225
0.0328727
0.0207704
0.514698

0.885483
-0.465787
0.194164
-0.0508395
-0.00410036
0.03283
0.0205394
0.516325

0.885791
-0.466668
0.194933
-0.0514963
-0.0039475
0.0327856
0.0203103
0.517946

0.886095
-0.46754
0.195695
-0.0521502
-0.0037937
0.0327395
0.0200831
0.519562

0.886395
-0.468405
0.196451
-0.0528012
-0.00363901
0.0326919
0.0198578
0.521173

0.886691
-0.469261
0.197201
-0.0534493
-0.00348343
0.0326427
0.0196344
0.522778

0.886982
-0.470109
0.197945
-0.0540944
-0.00332702
0.032592
0.0194127
0.524377

0.88727
-0.47095
0.198683
-0.0547366
-0.0031698
0.0325398
0.019193
0.525971

0.887553
-0.471783
0.199415
-0.0553758
-0.0030118
0.032486
0.018975
0.52756

0.887832
-0.472608
0.200141
-0.0560122
-0.00285304
0.0324307
0.0187589
0.529143

0.888108
-0.473425
0.200861
-0.0566456
-0.00269357
0.032374
0.0185445
0.53072

0.888379
-0.474235
0.201575
-0.057276
-0.0025334
0.0323159
0.018332
0.532292

0.888647
-0.475038
0.202283
-0.0579035
-0.00237257
0.0322563
0.0181212
0.533859

0.888911
-0.475833
0.202985
-0.0585281
-0.0022111
0.0321953
0.0179121
0.535421

0.889171
-0.476621
0.203682
-0.0591498
-0.00204902
0.0321329
0.0177048
0.536977

0.889428
-0.477402
0.204373
-0.0597685
-0.00188636
0.0320692
0.0174992
0.538528

0.88968
-0.478175
0.205059
-0.0603843
-0.00172315
0.0320042
0.0172954
0.540073

0.88993
-0.478942
0.205739
-0.0609972
-0.0015594
0.0319378
0.0170932
0.541613

0.890176
-0.479702
0.206413
-0.0616071
-0.00139514
0.0318701
0.0168927
0.543148

0.890418
-0.480455
0.207082
-0.0622141
-0.0012304
0.0318012
0.0166939
0.544678

0.890657
-0.481201
0.207746
-0.0628182
-0.00106521
0.031731
0.0164967
0.546203

0.890892
-0.48194
0.208404
-0.0634193
-0.000899583
0.0316595
0.0163012
0.547722

0.891125
-0.482673
0.209057
-0.0640175
-0.000733546
0.0315869
0.0161074
0.549236

0.891353
-0.483399
0.209704
-0.0646129
-0.000567122
0.031513
0.0159151
0.550745

0.891579
-0.484119
0.210346
-0.0652053
-0.000400334
0.031438
0.0157244
0.552249

0.891802
-0.484833
0.210983
-0.0657948
-0.000233204
0.0313618
0.0155354
0.553748

0.892021
-0.48554
0.211615
-0.0663814
-6.57529e-05
0.0312845
0.0153479
0.555241

0.892237
-0.48624
0.212242
-0.0669651
0.000101997
0.031206
0.0151619
0.55673

0.89245
-0.486935
0.212863
-0.0675459
0.000270025
0.0311265
0.0149775
0.558213

0.89266
-0.487623
0.21348
-0.0681239
0.000438311
0.0310459
0.0147947
0.559692

0.892868
-0.488305
0.214091
-0.0686989
0.000606834
0.0309642
0.0146134
0.561165

0.893072
-0.488982
0.214698
-0.0692711
0.000775575
0.0308815
0.0144335
0.562634

0.893273
-0.489652
0.215299
-0.0698404
0.000944515
0.0307978
0.0142552
0.564097

0.893471
-0.490317
0.215896
-0.0704069
0.00111363
0.0307131
0.0140783
0.565556

0.893667
-0.490975
0.216488
-0.0709705
0.00128291
0.0306274
0.013903
0.567009

0.89386
-0.491628
0.217075
-0.0715313
0.00145234
0.0305408
0.013729
0.568458

0.89405
-0.492275
0.217658
-0.0720892
0.00162188
0.0304532
0.0135565
0.569901

0.894237
-0.492917
0.218235
-0.0726443
0.00179154
0.0303646
0.0133855
0.57134

0.894422
-0.493553
0.218808
-0.0731965
0.00196128
0.0302752
0.0132158
0.572774

0.894604
-0.494183
0.219376
-0.073746
0.0021311
0.0301849
0.0130475
0.574203

0.894783
-0.494808
0.21994
-0.0742926
0.00230097
0.0300937
0.0128807
0.575628

0.89496
-0.495428
0.220499
-0.0748365
0.00247088
0.0300017
0.0127152
0.577047

0.895134
-0.496042
0.221054
-0.0753775
0.00264082
0.0299088
0.012551
0.578462

0.895306
-0.496651
0.221604
-0.0759158
0.00281076
0.0298151
0.0123882
0.579872

0.895475
-0.497254
0.22215
-0.0764513
0.0029807
0.0297206
0.0122268
0.581277

0.895642
-0.497853
0.222691
-0.076984
0.00315062
0.0296254
0.0120666
0.582677

0.895806
-0.498446
0.223228
-0.077514
0.0033205
0.0295293
0.0119078
0.584073

0.895968
-0.499034
0.22376
-0.0780412
0.00349033
0.0294326
0.0117503
0.585463

0.896128
-0.499618
0.224288
-0.0785657
0.00366009
0.0293351
0.011594
0.58685

0.896285
-0.500196
0.224812
-0.0790875
0.00382977
0.0292368
0.0114391
0.588231

0.89644
-0.500769
0.225332
-0.0796065
0.00399936
0.0291379
0.0112853
0.589608

0.896593
-0.501338
0.225847
-0.0801228
0.00416885
0.0290383
0.0111329
0.59098

0.896743
-0.501901
0.226359
-0.0806364
0.00433821
0.0289381
0.0109816
0.592348

0.896892
-0.50246
0.226866
-0.0811474
0.00450744
0.0288372
0.0108316
0.593711

0.897038
-0.503014
0.227369
-0.0816556
0.00467653
0.0287356
0.0106828
0.595069

0.897182
-0.503564
0.227868
-0.0821612
0.00484546
0.0286334
0.0105352
0.596423

0.897323
-0.504108
0.228363
-0.0826641
0.00501423
0.0285307
0.0103887
0.597773

0.897463
-0.504649
0.228854
-0.0831644
0.00518281
0.0284273
0.0102435
0.599117

0.897601
-0.505184
0.229341
-0.083662
0.0053512
0.0283234
0.0100994
0.600457

0.897737
-0.505715
0.229824
-0.084157
0.00551939
0.0282189
0.00995643
0.601793

0.89787
-0.506242
0.230303
-0.0846493
0.00568736
0.0281139
0.00981461
0.603124

0.898002
-0.506764
0.230779
-0.0851391
0.00585511
0.0280084
0.00967393
0.604451

0.898131
-0.507282
0.23125
-0.0856262
0.00602262
0.0279023
0.00953435
0.605773

0.898259
-0.507796
0.231718
-0.0861108
0.00618988
0.0277957
0.00939588
0.607091

0.898385
-0.508305
0.232182
-0.0865928
0.00635689
0.0276887
0.0092585
0.608405

0.898509
-0.50881
0.232642
-0.0870722
0.00652364
0.0275812
0.0091222
0.609714

0.898631
-0.509311
0.233099
-0.087549
0.0066901
0.0274732
0.00898697
0.611018

0.898751
-0.509808
0.233551
-0.0880233
0.00685629
0.0273648
0.0088528
0.612318

0.898869
-0.510301
0.234001
-0.0884951
0.00702217
0.027256
0.00871967
0.613614

0.898986
-0.510789
0.234446
-0.0889643
0.00718776
0.0271467
0.00858758
0.614906

0.899101
-0.511274
0.234888
-0.089431
0.00735303
0.0270371
0.00845652
0.616193

0.899214
-0.511754
0.235327
-0.0898952
0.00751798
0.0269271
0.00832646
0.617476

0.899325
-0.512231
0.235762
-0.0903569
0.0076826
0.0268166
0.00819742
0.618754

0.899434
-0.512704
0.236193
-0.0908162
0.00784688
0.0267059
0.00806936
0.620029

0.899542
-0.513172
0.236621
-0.0912729
0.00801081
0.0265947
0.00794229
0.621299

0.899648
-0.513637
0.237045
-0.0917272
0.0081744
0.0264833
0.00781619
0.622564

0.899753
-0.514099
0.237467
-0.092179
0.00833762
0.0263715
0.00769105
0.623826

0.899856
-0.514556
0.237884
-0.0926284
0.00850047
0.0262594
0.00756687
0.625083

0.899957
-0.51501
0.238299
-0.0930754
0.00866294
0.026147
0.00744362
0.626336

0.900057
-0.515459
0.23871
-0.0935199
0.00882503
0.0260343
0.00732131
0.627585

0.900155
-0.515906
0.239117
-0.0939621
0.00898673
0.0259213
0.00719992
0.62883

0.900251
-0.516348
0.239522
-0.0944018
0.00914803
0.0258081
0.00707944
0.63007

0.900347
-0.516788
0.239923
-0.0948392
0.00930892
0.0256946
0.00695987
0.631306

0.90044
-0.517223
0.240321
-0.0952741
0.00946941
0.0255809
0.00684118
0.632539

0.900532
-0.517655
0.240716
-0.0957067
0.00962947
0.0254669
0.00672338
0.633767

0.900623
-0.518084
0.241108
-0.096137
0.00978912
0.0253527
0.00660645
0.634991

0.900712
-0.518509
0.241496
-0.0965649
0.00994833
0.0252383
0.00649039
0.636211

0.900799
-0.51893
0.241882
-0.0969905
0.0101071
0.0251237
0.00637518
0.637427

0.900886
-0.519348
0.242264
-0.0974137
0.0102654
0.0250089
0.00626082
0.638638

0.90097
-0.519763
0.242643
-0.0978347
0.0104233
0.024894
0.0061473
0.639846

0.901054
-0.520175
0.24302
-0.0982533
0.0105808
0.0247788
0.0060346
0.64105

0.901136
-0.520583
0.243393
-0.0986697
0.0107377
0.0246635
0.00592272
0.642249

0.901217
-0.520988
0.243763
-0.0990837
0.0108943
0.0245481
0.00581165
0.643445

0.901296
-0.52139
0.24413
-0.0994956
0.0110503
0.0244325
0.00570138
0.644637

0.901374
-0.521788
0.244495
-0.0999051
0.0112059
0.0243168
0.00559191
0.645824

0.901451
-0.522184
0.244856
-0.100312
0.011361
0.024201
0.00548321
0.647008

0.901526
-0.522576
0.245215
-0.100717
0.0115156
0.024085
0.0053753
0.648188

0.9016
-0.522965
0.245571
-0.10112
0.0116697
0.023969
0.00526815
0.649364

0.901673
-0.523351
0.245923
-0.101521
0.0118233
0.0238529
0.00516176
0.650536

0.901745
-0.523734
0.246273
-0.101919
0.0119765
0.0237366
0.00505611
0.651704

0.901815
-0.524114
0.246621
-0.102316
0.0121291
0.0236204
0.00495122
0.652868

0.901885
-0.524491
0.246965
-0.10271
0.0122812
0.023504
0.00484705
0.654028

0.901953
-0.524865
0.247307
-0.103102
0.0124328
0.0233876
0.00474361
0.655184

0.902019
-0.525236
0.247646
-0.103491
0.012584
0.0232711
0.00464089
0.656337

0.902085
-0.525604
0.247982
-0.103879
0.0127345
0.0231546
0.00453888
0.657485

0.90215
-0.525969
0.248316
-0.104264
0.0128846
0.0230381
0.00443757
0.65863

0.902213
-0.526331
0.248647
-0.104648
0.0130342
0.0229215
0.00433696
0.659771

0.902275
-0.52669
0.248975
-0.105029
0.0131832
0.022805
0.00423704
0.660909

0.902336
-0.527047
0.249301
-0.105408
0.0133317
0.0226884
0.00413779
0.662042

0.902396
-0.527401
0.249624
-0.105785
0.0134797
0.0225718
0.00403922
0.663172

0.902455
-0.527752
0.249945
-0.10616
0.0136271
0.0224552
0.00394131
0.664298

0.902513
-0.5281
0.250263
-0.106533
0.013774
0.0223387
0.00384406
0.66542

0.90257
-0.528446
0.250578
-0.106904
0.0139203
0.0222222
0.00374746
0.666538

0.902626
-0.528789
0.250891
-0.107272
0.0140661
0.0221057
0.00365151
0.667653

0.90268
-0.529129
0.251202
-0.107639
0.0142114
0.0219892
0.00355619
0.668764

0.902734
-0.529467
0.25151
-0.108004
0.0143561
0.0218728
0.0034615
0.669871

0.902787
-0.529802
0.251815
-0.108366
0.0145002
0.0217564
0.00336743
0.670975

0.902838
-0.530134
0.252118
-0.108727
0.0146438
0.0216401
0.00327398
0.672075

0.902889
-0.530464
0.252419
-0.109085
0.0147868
0.0215238
0.00318114
0.673171

0.902939
-0.530791
0.252717
-0.109442
0.0149293
0.0214077
0.0030889
0.674264

0.902987
-0.531116
0.253013
-0.109797
0.0150712
0.0212916
0.00299726
0.675353

0.903035
-0.531438
0.253307
-0.110149
0.0152126
0.0211756
0.0029062
0.676438

0.903082
-0.531758
0.253598
-0.1105
0.0153534
0.0210596
0.00281573
0.67752

0.903128
-0.532075
0.253887
-0.110849
0.0154936
0.0209438
0.00272584
0.678598

0.903173
-0.53239
0.254174
-0.111196
0.0156333
0.0208281
0.00263652
0.679673

0.903217
-0.532702
0.254458
-0.111541
0.0157723
0.0207125
0.00254776
0.680744

0.90326
-0.533012
0.25474
-0.111884
0.0159108
0.0205969
0.00245955
0.681811

0.903302
-0.53332
0.25502
-0.112225
0.0160488
0.0204816
0.0023719
0.682875

0.903344
-0.533625
0.255298
-0.112564
0.0161861
0.0203663
0.0022848
0.683936

0.903384
-0.533928
0.255573
-0.112901
0.0163229
0.0202512
0.00219823
0.684993

0.903424
-0.534229
0.255847
-0.113236
0.0164591
0.0201362
0.0021122
0.686046

0.903463
-0.534527
0.256118
-0.11357
0.0165948
0.0200213
0.0020267
0.687096

0.903501
-0.534823
0.256387
-0.113902
0.0167298
0.0199066
0.00194172
0.688142

0.903538
-0.535117
0.256653
-0.114231
0.0168643
0.0197921
0.00185726
0.689185

0.903574
-0.535409
0.256918
-0.114559
0.0169981
0.0196777
0.00177331
0.690225

0.90361
-0.535698
0.257181
-0.114886
0.0171314
0.0195635
0.00168986
0.691261

0.903645
-0.535985
0.257441
-0.11521
0.0172641
0.0194494
0.00160691
0.692294

0.903679
-0.53627
0.2577
-0.115532
0.0173963
0.0193355
0.00152446
0.693323

0.903712
-0.536553
0.257956
-0.115853
0.0175278
0.0192218
0.0014425
0.694349

0.903744
-0.536834
0.258211
-0.116172
0.0176587
0.0191083
0.00136102
0.695371

0.903776
-0.537112
0.258463
-0.116489
0.0177891
0.0189949
0.00128002
0.69639

0.903807
-0.537389
0.258713
-0.116804
0.0179189
0.0188817
0.0011995
0.697406

0.903837
-0.537663
0.258962
-0.117118
0.018048
0.0187688
0.00111944
0.698418

0.903867
-0.537936
0.259208
-0.11743
0.0181766
0.018656
0.00103985
0.699427

0.903895
-0.538206
0.259453
-0.11774
0.0183046
0.0185435
0.000960712
0.700433

0.903923
-0.538474
0.259695
-0.118048
0.018432
0.0184311
0.00088203
0.701435

0.903951
-0.538741
0.259936
-0.118355
0.0185589
0.018319
0.000803797
0.702434

0.903977
-0.539005
0.260174
-0.11866
0.0186851
0.018207
0.000726007
0.703429

0.904003
-0.539267
0.260411
-0.118963
0.0188107
0.0180953
0.000648657
0.704422

0.904028
-0.539527
0.260646
-0.119264
0.0189358
0.0179839
0.000571741
0.705411

0.904053
-0.539786
0.260879
-0.119564
0.0190602
0.0178726
0.000495254
0.706397

0.904077
-0.540042
0.261111
-0.119862
0.0191841
0.0177616
0.000419193
0.707379

0.9041
-0.540297
0.26134
-0.120159
0.0193073
0.0176508
0.000343552
0.708358

0.904123
-0.540549
0.261568
-0.120454
0.01943
0.0175402
0.000268328
0.709334

0.904145
-0.5408
0.261793
-0.120747
0.0195521
0.0174299
0.000193515
0.710307

0.904166
-0.541049
0.262017
-0.121038
0.0196736
0.0173198
0.000119109
0.711277

0.904187
-0.541296
0.26224
-0.121328
0.0197945
0.01721
4.51058e-05
0.712243

0.904207
-0.541541
0.26246
-0.121616
0.0199148
0.0171004
-2.84985e-05
0.713206

0.904226
-0.541785
0.262679
-0.121903
0.0200345
0.0169911
-0.000101708
0.714167

0.904245
-0.542026
0.262896
-0.122188
0.0201536
0.0168821
-0.000174528
0.715123

0.904264
-0.542266
0.263111
-0.122471
0.0202722
0.0167733
-0.000246962
0.716077

0.904281
-0.542504
0.263325
-0.122753
0.0203901
0.0166647
-0.000319013
0.717028

0.904298
-0.54274
0.263536
-0.123033
0.0205074
0.0165565
-0.000390687
0.717975

0.904315
-0.542975
0.263747
-0.123312
0.0206242
0.0164485
-0.000461986
0.718919

0.904331
-0.543208
0.263955
-0.123589
0.0207404
0.0163407
-0.000532916
0.719861

0.904346
-0.543439
0.264162
-0.123864
0.020856
0.0162333
-0.000603479
0.720799

0.904361
-0.543668
0.264367
-0.124138
0.020971
0.0161261
-0.00067368
0.721734

0.904376
-0.543896
0.264571
-0.124411
0.0210854
0.0160192
-0.000743522
0.722665

0.904389
-0.544122
0.264773
-0.124682
0.0211992
0.0159126
-0.00081301
0.723594

0.904403
-0.544346
0.264973
-0.124951
0.0213124
0.0158062
-0.000882146
0.72452

0.904415
-0.544569
0.265172
-0.125219
0.0214251
0.0157002
-0.000950935
0.725443

0.904428
-0.54479
0.265369
-0.125485
0.0215371
0.0155944
-0.00101938
0.726362

0.904439
-0.54501
0.265565
-0.12575
0.0216486
0.0154889
-0.00108748
0.727279

0.90445
-0.545227
0.265759
-0.126013
0.0217595
0.0153838
-0.00115525
0.728193

0.904461
-0.545444
0.265952
-0.126275
0.0218698
0.0152789
-0.00122269
0.729103

0.904471
-0.545658
0.266143
-0.126535
0.0219795
0.0151743
-0.00128979
0.730011

0.904481
-0.545872
0.266332
-0.126794
0.0220887
0.01507
-0.00135657
0.730915

0.90449
-0.546083
0.266521
-0.127052
0.0221973
0.014966
-0.00142302
0.731817

0.904499
-0.546293
0.266707
-0.127308
0.0223052
0.0148624
-0.00148916
0.732716

0.904507
-0.546502
0.266892
-0.127562
0.0224127
0.014759
-0.00155498
0.733611

0.904515
-0.546709
0.267076
-0.127815
0.0225195
0.0146559
-0.00162048
0.734504

0.904522
-0.546914
0.267258
-0.128067
0.0226257
0.0145532
-0.00168568
0.735394

0.904529
-0.547118
0.267439
-0.128317
0.0227314
0.0144507
-0.00175056
0.736281

0.904536
-0.547321
0.267618
-0.128566
0.0228365
0.0143486
-0.00181515
0.737165

0.904542
-0.547522
0.267796
-0.128813
0.0229411
0.0142468
-0.00187943
0.738046

0.904547
-0.547722
0.267972
-0.129059
0.023045
0.0141453
-0.00194341
0.738924

0.904552
-0.54792
0.268147
-0.129304
0.0231484
0.0140441
-0.0020071
0.739799

0.904557
-0.548117
0.268321
-0.129547
0.0232512
0.0139432
-0.0020705
0.740672

0.904561
-0.548312
0.268493
-0.129789
0.0233535
0.0138426
-0.00213361
0.741541

0.904565
-0.548506
0.268664
-0.13003
0.0234552
0.0137424
-0.00219643
0.742408

0.904568
-0.548699
0.268834
-0.130269
0.0235563
0.0136425
-0.00225897
0.743272

0.904572
-0.54889
0.269002
-0.130507
0.0236569
0.0135429
-0.00232123
0.744133

0.904574
-0.54908
0.269169
-0.130743
0.0237569
0.0134437
-0.00238321
0.744991

0.904576
-0.549268
0.269335
-0.130978
0.0238563
0.0133447
-0.00244492
0.745846

0.904578
-0.549455
0.269499
-0.131212
0.0239552
0.0132461
-0.00250635
0.746698

0.90458
-0.549641
0.269662
-0.131445
0.0240535
0.0131479
-0.00256752
0.747548

0.904581
-0.549825
0.269823
-0.131676
0.0241512
0.0130499
-0.00262842
0.748395

0.904581
-0.550008
0.269984
-0.131906
0.0242484
0.0129523
-0.00268905
0.749239

0.904582
-0.55019
0.270143
-0.132134
0.0243451
0.012855
-0.00274942
0.750081

0.904582
-0.550371
0.270301
-0.132361
0.0244412
0.0127581
-0.00280953
0.750919

0.904581
-0.55055
0.270457
-0.132587
0.0245367
0.0126615
-0.00286939
0.751755

0.904581
-0.550728
0.270613
-0.132812
0.0246317
0.0125652
-0.00292899
0.752588

0.904579
-0.550904
0.270767
-0.133035
0.0247261
0.0124693
-0.00298834
0.753418

0.904578
-0.55108
0.270919
-0.133257
0.02482
0.0123737
-0.00304744
0.754246

0.904576
-0.551254
0.271071
-0.133478
0.0249134
0.0122784
-0.00310629
0.755071

0.904574
-0.551427
0.271222
-0.133698
0.0250061
0.0121835
-0.0031649
0.755893

0.904571
-0.551599
0.271371
-0.133916
0.0250984
0.0120889
-0.00322327
0.756713

0.904569
-0.551769
0.271519
-0.134134
0.0251901
0.0119946
-0.00328139
0.75753

0.904565
-0.551938
0.271666
-0.134349
0.0252813
0.0119007
-0.00333928
0.758344

0.904562
-0.552107
0.271811
-0.134564
0.0253719
0.0118071
-0.00339693
0.759155

0.904558
-0.552273
0.271956
-0.134778
0.025462
0.0117139
-0.00345435
0.759964

0.904554
-0.552439
0.272099
-0.13499
0.0255516
0.011621
-0.00351154
0.76077

0.90455
-0.552604
0.272242
-0.135201
0.0256406
0.0115285
-0.0035685
0.761574

0.904545
-0.552767
0.272383
-0.135411
0.0257291
0.0114363
-0.00362523
0.762375

0.90454
-0.552929
0.272523
-0.135619
0.0258171
0.0113444
-0.00368174
0.763173

0.904535
-0.55309
0.272662
-0.135827
0.0259045
0.0112529
-0.00373802
0.763969

0.904529
-0.55325
0.272799
-0.136033
0.0259914
0.0111617
-0.00379409
0.764762

0.904523
-0.553409
0.272936
-0.136238
0.0260778
0.0110709
-0.00384993
0.765552

0.904517
-0.553567
0.273072
-0.136442
0.0261636
0.0109804
-0.00390556
0.76634

0.90451
-0.553724
0.273206
-0.136645
0.026249
0.0108903
-0.00396097
0.767125

0.904503
-0.553879
0.273339
-0.136847
0.0263338
0.0108005
-0.00401618
0.767908

0.904496
-0.554033
0.273472
-0.137047
0.0264181
0.0107111
-0.00407117
0.768688

0.904489
-0.554187
0.273603
-0.137247
0.0265019
0.010622
-0.00412595
0.769466

0.904481
-0.554339
0.273733
-0.137445
0.0265851
0.0105332
-0.00418052
0.770241

0.904474
-0.55449
0.273862
-0.137642
0.0266679
0.0104448
-0.00423489
0.771013

0.904465
-0.55464
0.273991
-0.137838
0.0267501
0.0103567
-0.00428905
0.771783

0.904457
-0.55479
0.274118
-0.138033
0.0268319
0.010269
-0.00434302
0.772551

0.904448
-0.554938
0.274244
-0.138227
0.0269131
0.0101816
-0.00439678
0.773315

0.90444
-0.555085
0.274369
-0.138419
0.0269938
0.0100946
-0.00445035
0.774078

0.90443
-0.555231
0.274493
-0.138611
0.027074
0.010008
-0.00450372
0.774838

0.904421
-0.555376
0.274616
-0.138802
0.0271537
0.00992162
-0.00455689
0.775595

0.904411
-0.55552
0.274738
-0.138991
0.0272329
0.00983564
-0.00460987
0.77635

0.904401
-0.555663
0.274859
-0.139179
0.0273116
0.00975001
-0.00466266
0.777103

0.904391
-0.555805
0.274979
-0.139367
0.0273899
0.00966472
-0.00471526
0.777853

0.904381
-0.555946
0.275099
-0.139553
0.0274676
0.00957978
-0.00476768
0.7786

0.90437
-0.556086
0.275217
-0.139738
0.0275448
0.00949518
-0.0048199
0.779346

0.90436
-0.556225
0.275334
-0.139922
0.0276215
0.00941093
-0.00487194
0.780088

0.904349
-0.556363
0.27545
-0.140105
0.0276978
0.00932703
-0.0049238
0.780829

0.904337
-0.5565
0.275566
-0.140287
0.0277735
0.00924347
-0.00497547
0.781567

0.904326
-0.556636
0.27568
-0.140468
0.0278488
0.00916026
-0.00502697
0.782302

0.904314
-0.556771
0.275794
-0.140648
0.0279236
0.0090774
-0.00507829
0.783035

0.904302
-0.556906
0.275906
-0.140827
0.0279979
0.00899488
-0.00512943
0.783766

0.90429
-0.557039
0.276018
-0.141005
0.0280717
0.0089127
-0.00518039
0.784494

0.904278
-0.557171
0.276129
-0.141182
0.028145
0.00883087
-0.00523118
0.78522

0.904265
-0.557303
0.276239
-0.141357
0.0282179
0.00874939
-0.00528179
0.785943

0.904252
-0.557434
0.276348
-0.141532
0.0282903
0.00866824
-0.00533224
0.786665

0.90424
-0.557563
0.276456
-0.141706
0.0283622
0.00858745
-0.00538251
0.787383

0.904226
-0.557692
0.276563
-0.141879
0.0284336
0.00850699
-0.00543262
0.7881

0.904213
-0.55782
0.27667
-0.142051
0.0285046
0.00842688
-0.00548255
0.788814

0.9042
-0.557947
0.276775
-0.142222
0.0285751
0.00834712
-0.00553233
0.789526

0.904186
-0.558074
0.27688
-0.142392
0.0286451
0.00826769
-0.00558193
0.790235

0.904172
-0.558199
0.276984
-0.142561
0.0287147
0.00818861
-0.00563138
0.790942

0.904158
-0.558323
0.277087
-0.142729
0.0287838
0.00810987
-0.00568066
0.791647

0.904144
-0.558447
0.277189
-0.142896
0.0288525
0.00803147
-0.00572978
0.79235

0.904129
-0.55857
0.27729
-0.143062
0.0289207
0.00795341
-0.00577874
0.79305

0.904115
-0.558692
0.277391
-0.143227
0.0289884
0.00787569
-0.00582754
0.793748

0.9041
-0.558813
0.27749
-0.143391
0.0290557
0.00779831
-0.00587618
0.794444

0.904085
-0.558933
0.277589
-0.143554
0.0291225
0.00772127
-0.00592467
0.795137

0.90407
-0.559053
0.277687
-0.143717
0.0291889
0.00764457
-0.005973
0.795828

0.904055
-0.559171
0.277784
-0.143878
0.0292549
0.00756821
-0.00602118
0.796517

0.904039
-0.559289
0.277881
-0.144039
0.0293203
0.00749219
-0.00606921
0.797204

0.904024
-0.559406
0.277977
-0.144198
0.0293854
0.0074165
-0.00611708
0.797889

0.904008
-0.559522
0.278071
-0.144357
0.02945
0.00734115
-0.00616481
0.798571

0.903992
-0.559638
0.278166
-0.144515
0.0295141
0.00726613
-0.00621239
0.799251

0.903976
-0.559753
0.278259
-0.144671
0.0295779
0.00719146
-0.00625981
0.799929

0.90396
-0.559866
0.278352
-0.144827
0.0296412
0.00711711
-0.00630709
0.800604

0.903943
-0.55998
0.278443
-0.144982
0.029704
0.0070431
-0.00635423
0.801277

0.903927
-0.560092
0.278534
-0.145137
0.0297664
0.00696943
-0.00640122
0.801949

0.90391
-0.560203
0.278625
-0.14529
0.0298284
0.00689609
-0.00644806
0.802618

0.903893
-0.560314
0.278714
-0.145442
0.02989
0.00682308
-0.00649477
0.803284

0.903876
-0.560424
0.278803
-0.145594
0.0299511
0.0067504
-0.00654133
0.803949

0.903859
-0.560534
0.278891
-0.145745
0.0300118
0.00667805
-0.00658775
0.804612

0.903842
-0.560642
0.278979
-0.145894
0.0300721
0.00660603
-0.00663403
0.805272

0.903825
-0.56075
0.279065
-0.146043
0.0301319
0.00653435
-0.00668017
0.80593

0.903807
-0.560857
0.279151
-0.146192
0.0301914
0.00646299
-0.00672617
0.806586

0.90379
-0.560964
0.279236
-0.146339
0.0302504
0.00639196
-0.00677204
0.80724

0.903772
-0.561069
0.279321
-0.146485
0.030309
0.00632126
-0.00681777
0.807892

0.903754
-0.561174
0.279405
-0.146631
0.0303672
0.00625088
-0.00686337
0.808541

0.903736
-0.561279
0.279488
-0.146776
0.030425
0.00618083
-0.00690883
0.809189

0.903718
-0.561382
0.27957
-0.146919
0.0304823
0.00611111
-0.00695416
0.809834

0.9037
-0.561485
0.279652
-0.147063
0.0305393
0.00604171
-0.00699935
0.810478

0.903681
-0.561587
0.279733
-0.147205
0.0305958
0.00597263
-0.00704442
0.811119

0.903663
-0.561689
0.279814
-0.147346
0.030652
0.00590388
-0.00708935
0.811758

0.903644
-0.561789
0.279893
-0.147487
0.0307077
0.00583545
-0.00713415
0.812395

0.903626
-0.56189
0.279973
-0.147627
0.0307631
0.00576734
-0.00717883
0.81303

0.903607
-0.561989
0.280051
-0.147766
0.030818
0.00569955
-0.00722338
0.813663

0.903588
-0.562088
0.280129
-0.147904
0.0308726
0.00563208
-0.00726779
0.814294

0.903569
-0.562186
0.280206
-0.148042
0.0309267
0.00556493
-0.00731209
0.814923

0.90355
-0.562283
0.280282
-0.148178
0.0309805
0.0054981
-0.00735626
0.81555

0.90353
-0.56238
0.280358
-0.148314
0.0310339
0.00543159
-0.0074003
0.816175

0.903511
-0.562476
0.280433
-0.148449
0.0310868
0.00536539
-0.00744422
0.816797

0.903492
-0.562572
0.280508
-0.148584
0.0311394
0.00529951
-0.00748801
0.817418

0.903472
-0.562667
0.280582
-0.148717
0.0311916
0.00523394
-0.00753168
0.818037

0.903453
-0.562761
0.280655
-0.14885
0.0312435
0.00516869
-0.00757523
0.818653

0.903433
-0.562854
0.280728
-0.148982
0.0312949
0.00510375
-0.00761866
0.819268

0.903413
-0.562947
0.2808
-0.149113
0.031346
0.00503912
-0.00766197
0.819881

0.903393
-0.56304
0.280872
-0.149244
0.0313966
0.0049748
-0.00770516
0.820492

0.903373
-0.563132
0.280943
-0.149374
0.031447
0.00491079
-0.00774824
0.8211

0.903353
-0.563223
0.281013
-0.149503
0.0314969
0.0048471
-0.00779119
0.821707

0.903333
-0.563313
0.281083
-0.149631
0.0315465
0.00478371
-0.00783402
0.822312

0.903312
-0.563403
0.281152
-0.149759
0.0315956
0.00472063
-0.00787674
0.822915

0.903292
-0.563492
0.28122
-0.149885
0.0316445
0.00465785
-0.00791934
0.823516

0.903272
-0.563581
0.281288
-0.150012
0.0316929
0.00459539
-0.00796183
0.824114

0.903251
-0.563669
0.281356
-0.150137
0.031741
0.00453322
-0.0080042
0.824711

0.90323
-0.563757
0.281422
-0.150262
0.0317887
0.00447137
-0.00804646
0.825306

0.90321
-0.563844
0.281489
-0.150386
0.0318361
0.00440981
-0.00808861
0.8259

0.903189
-0.56393
0.281554
-0.150509
0.0318831
0.00434856
-0.00813064
0.826491

0.903168
-0.564016
0.281619
-0.150631
0.0319297
0.0042876
-0.00817256
0.82708

0.903147
-0.564101
0.281684
-0.150753
0.031976
0.00422695
-0.00821437
0.827667

0.903126
-0.564186
0.281748
-0.150874
0.032022
0.0041666
-0.00825607
0.828253

0.903105
-0.56427
0.281812
-0.150995
0.0320676
0.00410654
-0.00829765
0.828836

Thetas: 0.903105 -0.56427 0.281812 -0.150995 0.0320676 0.00410654 -0.00829765 
Intercept: 0.828836
0.497528
